/****************************************************************************************************
 * VeneXus Ship by Abyss Morgan                                                                     *
 ****************************************************************************************************/

#define VeneXusVW
#define VeneXusINT


CreateDynamic3DTextLabel("{FF0000}VeneXus",0xFF0000FF,4185.7,1327.5,326.0,999.0,INVALID_PLAYER_ID,INVALID_VEHICLE_ID,0,VeneXusVW,VeneXusINT,-1,999.0);

CreateDynamicMapIcon(4185.7,1327.5,326.0,19,0xFFFFFFFF,VeneXusVW,VeneXusINT,-1,2000.0);
CreateDynamicObject(8395,4020.0000000,1750.0000000,450.0000000,0.0000000,90.0000000,270.0000000,VeneXusVW,VeneXusINT,-1,999.0,999.0);
CreateDynamicObject(8395,4320.0000000,1750.0000000,450.0000000,0.0000000,90.0000000,270.0000000,VeneXusVW,VeneXusINT,-1,999.0,999.0);
CreateDynamicObject(8395,4020.0000000,1750.0000000,290.0000000,0.0000000,90.0000000,270.0000000,VeneXusVW,VeneXusINT,-1,999.0,999.0);
CreateDynamicObject(8395,4320.0000000,1750.0000000,290.0000000,0.0000000,90.0000000,270.0000000,VeneXusVW,VeneXusINT,-1,999.0,999.0);
CreateDynamicObject(10871,4040.0000000,1180.0000000,383.0000000,0.0000000,270.0000000,90.0000000,VeneXusVW,VeneXusINT,-1,999.0,999.0);
CreateDynamicObject(10871,4000.0000000,1180.0000000,400.0000000,0.0000000,90.0000000,270.0000000,VeneXusVW,VeneXusINT,-1,999.0,999.0);
CreateDynamicObject(10871,4340.0000000,1180.0000000,383.0000000,0.0000000,270.0000000,90.0000000,VeneXusVW,VeneXusINT,-1,999.0,999.0);
CreateDynamicObject(10871,4300.0000000,1180.0000000,400.0000000,0.0000000,90.0000000,270.0000000,VeneXusVW,VeneXusINT,-1,999.0,999.0);
CreateDynamicObject(10871,4040.0000000,1360.0000000,383.0000000,0.0000000,270.0000000,90.0000000,VeneXusVW,VeneXusINT,-1,999.0,999.0);
CreateDynamicObject(10871,4000.0000000,1360.0000000,400.0000000,0.0000000,90.0000000,270.0000000,VeneXusVW,VeneXusINT,-1,999.0,999.0);
CreateDynamicObject(10871,4340.0000000,1360.0000000,383.0000000,0.0000000,270.0000000,90.0000000,VeneXusVW,VeneXusINT,-1,999.0,999.0);
CreateDynamicObject(10871,4300.0000000,1360.0000000,400.0000000,0.0000000,90.0000000,270.0000000,VeneXusVW,VeneXusINT,-1,999.0,999.0);
CreateDynamicObject(4563,4290.0000000,1690.0000000,400.0000000,180.0000000,0.0000000,90.0000000,VeneXusVW,VeneXusINT,-1,999.0,999.0);
CreateDynamicObject(4563,4050.0000000,1690.0000000,400.0000000,180.0000000,0.0000000,180.0000000,VeneXusVW,VeneXusINT,-1,999.0,999.0);
CreateDynamicObject(4563,4220.0000000,1690.0000000,400.0000000,180.0000000,45.0000000,180.0000000,VeneXusVW,VeneXusINT,-1,999.0,999.0);
CreateDynamicObject(4563,4120.0000000,1690.0000000,400.0000000,180.0000000,45.0000000,0.0000000,VeneXusVW,VeneXusINT,-1,999.0,999.0);
CreateDynamicObject(10871,4040.0000000,1180.0000000,303.0000000,0.0000000,270.0000000,90.0000000,VeneXusVW,VeneXusINT,-1,999.0,999.0);
CreateDynamicObject(10871,4000.0000000,1180.0000000,320.0000000,0.0000000,90.0000000,270.0000000,VeneXusVW,VeneXusINT,-1,999.0,999.0);
CreateDynamicObject(10871,4340.0000000,1180.0000000,303.0000000,0.0000000,270.0000000,90.0000000,VeneXusVW,VeneXusINT,-1,999.0,999.0);
CreateDynamicObject(10871,4300.0000000,1180.0000000,320.0000000,0.0000000,90.0000000,270.0000000,VeneXusVW,VeneXusINT,-1,999.0,999.0);
CreateDynamicObject(10871,4040.0000000,1360.0000000,303.0000000,0.0000000,270.0000000,90.0000000,VeneXusVW,VeneXusINT,-1,999.0,999.0);
CreateDynamicObject(10871,4000.0000000,1360.0000000,320.0000000,0.0000000,90.0000000,270.0000000,VeneXusVW,VeneXusINT,-1,999.0,999.0);
CreateDynamicObject(10871,4340.0000000,1360.0000000,303.0000000,0.0000000,270.0000000,90.0000000,VeneXusVW,VeneXusINT,-1,999.0,999.0);
CreateDynamicObject(10871,4300.0000000,1360.0000000,320.0000000,0.0000000,90.0000000,270.0000000,VeneXusVW,VeneXusINT,-1,999.0,999.0);
CreateDynamicObject(4563,4100.0000000,1330.0000000,300.0000000,0.0000000,90.0000000,0.0000000,VeneXusVW,VeneXusINT,-1,999.0,999.0);
CreateDynamicObject(4563,4280.0000000,1330.0000000,400.0000000,180.0000000,0.0000000,90.0000000,VeneXusVW,VeneXusINT,-1,999.0,999.0);
CreateDynamicObject(4563,4060.0000000,1510.0000000,400.0000000,180.0000000,0.0000000,180.0000000,VeneXusVW,VeneXusINT,-1,999.0,999.0);
CreateDynamicObject(4563,4060.0000000,1330.0000000,400.0000000,180.0000000,0.0000000,180.0000000,VeneXusVW,VeneXusINT,-1,999.0,999.0);
CreateDynamicObject(4563,3980.0000000,1510.0000000,400.0000000,180.0000000,0.0000000,90.0000000,VeneXusVW,VeneXusINT,-1,999.0,999.0);
CreateDynamicObject(4563,4100.0000000,1510.0000000,300.0000000,0.0000000,90.0000000,0.0000000,VeneXusVW,VeneXusINT,-1,999.0,999.0);
CreateDynamicObject(4563,4360.0000000,1330.0000000,400.0000000,180.0000000,0.0000000,180.0000000,VeneXusVW,VeneXusINT,-1,999.0,999.0);
CreateDynamicObject(4563,4100.0000000,1330.0000000,410.0000000,90.0000000,0.0000000,90.0000000,VeneXusVW,VeneXusINT,-1,999.0,999.0);
CreateDynamicObject(4563,3980.0000000,1330.0000000,400.0000000,180.0000000,0.0000000,90.0000000,VeneXusVW,VeneXusINT,-1,999.0,999.0);
CreateDynamicObject(4563,3990.0000000,1690.0000000,400.0000000,180.0000000,0.0000000,90.0000000,VeneXusVW,VeneXusINT,-1,999.0,999.0);
CreateDynamicObject(4563,4350.0000000,1690.0000000,400.0000000,180.0000000,0.0000000,180.0000000,VeneXusVW,VeneXusINT,-1,999.0,999.0);
CreateDynamicObject(4563,4100.0000000,1510.0000000,410.0000000,90.0000000,0.0000000,90.0000000,VeneXusVW,VeneXusINT,-1,999.0,999.0);
CreateDynamicObject(4563,4290.0000000,1450.0000000,250.0000000,90.0000000,0.0000000,0.0000000,VeneXusVW,VeneXusINT,-1,999.0,999.0);
CreateDynamicObject(4563,4350.0000000,1450.0000000,250.0000000,0.0000000,270.0000000,90.0000000,VeneXusVW,VeneXusINT,-1,999.0,999.0);
CreateDynamicObject(4563,4050.0000000,1450.0000000,250.0000000,0.0000000,270.0000000,90.0000000,VeneXusVW,VeneXusINT,-1,999.0,999.0);
CreateDynamicObject(4563,3990.0000000,1450.0000000,250.0000000,90.0000000,0.0000000,0.0000000,VeneXusVW,VeneXusINT,-1,999.0,999.0);
CreateDynamicObject(4563,4280.0000000,1510.0000000,400.0000000,180.0000000,0.0000000,90.0000000,VeneXusVW,VeneXusINT,-1,999.0,999.0);
CreateDynamicObject(4563,4360.0000000,1510.0000000,400.0000000,180.0000000,0.0000000,180.0000000,VeneXusVW,VeneXusINT,-1,999.0,999.0);
CreateDynamicObject(4563,4050.0000000,1450.0000000,460.0000000,0.0000000,270.0000000,90.0000000,VeneXusVW,VeneXusINT,-1,999.0,999.0);
CreateDynamicObject(4563,3990.0000000,1450.0000000,460.0000000,90.0000000,0.0000000,0.0000000,VeneXusVW,VeneXusINT,-1,999.0,999.0);
CreateDynamicObject(4563,4290.0000000,1450.0000000,460.0000000,90.0000000,0.0000000,0.0000000,VeneXusVW,VeneXusINT,-1,999.0,999.0);
CreateDynamicObject(4563,4350.0000000,1450.0000000,460.0000000,0.0000000,270.0000000,90.0000000,VeneXusVW,VeneXusINT,-1,999.0,999.0);
CreateDynamicObject(10871,4040.0000000,1540.0000000,303.0000000,0.0000000,270.0000000,90.0000000,VeneXusVW,VeneXusINT,-1,999.0,999.0);
CreateDynamicObject(10871,4000.0000000,1540.0000000,320.0000000,0.0000000,90.0000000,270.0000000,VeneXusVW,VeneXusINT,-1,999.0,999.0);
CreateDynamicObject(10871,4340.0000000,1540.0000000,303.0000000,0.0000000,270.0000000,90.0000000,VeneXusVW,VeneXusINT,-1,999.0,999.0);
CreateDynamicObject(10871,4300.0000000,1540.0000000,320.0000000,0.0000000,90.0000000,270.0000000,VeneXusVW,VeneXusINT,-1,999.0,999.0);
CreateDynamicObject(10871,4000.0000000,1540.0000000,400.0000000,0.0000000,90.0000000,270.0000000,VeneXusVW,VeneXusINT,-1,999.0,999.0);
CreateDynamicObject(10871,4340.0000000,1540.0000000,383.0000000,0.0000000,270.0000000,90.0000000,VeneXusVW,VeneXusINT,-1,999.0,999.0);
CreateDynamicObject(10871,4300.0000000,1540.0000000,400.0000000,0.0000000,90.0000000,270.0000000,VeneXusVW,VeneXusINT,-1,999.0,999.0);
CreateDynamicObject(10871,4040.0000000,1540.0000000,383.0000000,0.0000000,270.0000000,90.0000000,VeneXusVW,VeneXusINT,-1,999.0,999.0);
CreateDynamicObject(4563,3990.0000000,1630.0000000,250.0000000,90.0000000,0.0000000,0.0000000,VeneXusVW,VeneXusINT,-1,999.0,999.0);
CreateDynamicObject(4563,4050.0000000,1630.0000000,250.0000000,0.0000000,270.0000000,90.0000000,VeneXusVW,VeneXusINT,-1,999.0,999.0);
CreateDynamicObject(4563,4350.0000000,1630.0000000,250.0000000,0.0000000,270.0000000,90.0000000,VeneXusVW,VeneXusINT,-1,999.0,999.0);
CreateDynamicObject(4563,4290.0000000,1630.0000000,250.0000000,90.0000000,0.0000000,0.0000000,VeneXusVW,VeneXusINT,-1,999.0,999.0);
CreateDynamicObject(4563,3990.0000000,1630.0000000,460.0000000,90.0000000,0.0000000,0.0000000,VeneXusVW,VeneXusINT,-1,999.0,999.0);
CreateDynamicObject(4563,4050.0000000,1630.0000000,460.0000000,0.0000000,270.0000000,90.0000000,VeneXusVW,VeneXusINT,-1,999.0,999.0);
CreateDynamicObject(4563,4350.0000000,1630.0000000,460.0000000,0.0000000,270.0000000,90.0000000,VeneXusVW,VeneXusINT,-1,999.0,999.0);
CreateDynamicObject(4563,4290.0000000,1630.0000000,460.0000000,90.0000000,0.0000000,0.0000000,VeneXusVW,VeneXusINT,-1,999.0,999.0);
//EOF